0
0
0
0
0
0
0
0
0
0
0
0
0
0
0
0
0
0
0
0
0
0
0
0
0
0
0
0
0
0
0
0
0
0
0
0
0
0
0
0
0
0
0
0
0
0
0
0
0
0
0
0
0
0
0
0
0
0
0
0
0
0
0
0
0
0
0
0
0
10
10
10
10
10
20
20
20
30
30
30
30
30
30
30
30
30
30
30
30
30
30
30
40
40
40
50
50
50
50
60
60
60
70
70
70
70
70
70
70
70
70
70
70
70
70
70
70
70
70
70
70
70
70
70
70
70
70
70
70
70
70
80
80
80
80
90
90
90
90
90
90
100
100
100
100
100
100
100
100
100
100
100
100
100
100
110
110
110
120
120
120
120
120
120
120
120
120
120
120
130
130
130
130
130
130
130
130
130
130
130
130
130
130
130
130
130
130
140
140
140
140
140
140
140
140
140
140
140
140
140
140
140
140
140
140
140
140
140
140
140
140
140
140
140
140
140
140
140
140
140
140
140
140
140
140
140
140
140
140
140
140
140
140
140
140
140
140
140
140
140
140
140
140
140
140
140
140
140
140
140
140
140
140
140
140
140
140
140
140
140
140
140
140
140
140
140
140
140
140
140
140
140
140
140
140
140
150
150
150
150
150
150
150
150
150
150
150
150
150
150
150
150
150
150
150
150
150
150
160
160
160
160
170
170
170
170
170
170
170
170
170
180
180
180
180
180
180
180
180
180
180
180
180
180
180
180
190
190
190
190
190
190
190
190
190
190
190
190
190
190
190
190
190
190
190
190
190
190
190
190
190
190
190
190
190
190
190
190
190
190
190
190
190
190
190
190
190
190
190
190
190
190
190
190
190
190
200
200
200
210
210
210
210
210
210
210
220
220
220
220
220
220
220
220
220
220
220
220
220
220
220
230
230
230
230
230
230
230
230
230
230
230
230
230
230
230
230
230
230
230
230
230
230
230
230
230
230
230
230
230
230
230
230
230
230
230
230
230
230
230
230
230
230
230
230
230
230
230
230
230
230
230
230
230
230
230
230
230
230
230
230
230
230
230
230
230
230
230
230
230
230
230
230
230
230
230
230
230
230
230
230
230
230
230
230
230
230
230
230
230
230
230
230
230
230
230
230
230
230
230
230
230
230
230
230
230
240
240
240
240
250
250
250
260
260
260
260
270
270
270
270
270
270
270
270
270
270
270
270
270
270
270
270
270
270
320
320
320
330
330
330
330
330
330
330
330
330
330
330
330
330
330
330
330
330
330
330
340
340
340
350
350
350
350
350
350
360
360
560
560
560
560
560
560
560
560
560
560
560
560
560
560
560
560
560
560
560
560
560
560
560
560
560
560
560
560
560
560
560
560
560
560
560
560
560
560
560
560
560
560
560
560
560
560
560
560
560
560
560
560
560
560
560
560
560
560
560
560
560
560
560
560
560
560
560
560
560
560
560
560
560
960
960
960
960
960
960
960
960
960
960
960
960
960
960
960
960
960
960
1760
1760
1760
1760
1760
1760
1760
1760
1760
1760
1760
1760
1760
1760
3360
3360
3360
3360
3360
3360
3360
3360
3360
3360
3360
3360
3360
3360
3360
3360
3360
3360
3360
3360
3360
3360
3360
3360
3360
3360
3360
3360
3360
3360
3360
3360
3370
3370
3370
3380
3380
3380
3380
3380
3390
3390
3390
3390
3400
3400
3400
3410
3410
3410
3410
3420
3420
3420
3420
3420
3420
3420
3420
3430
3430
3430
3430
3430
3430
3430
3430
3430
3430
3430
3430
3430
3430
3430
3430
3430
3430
3430
3430
3440
3440
3440
3450
3450
3450
3450
3450
3500
3500
3500
3500
3500
3500
3500
3510
3510
3510
3510
3510
3510
3510
3510
3520
3520
3520
3520
3520
3520
3520
3530
3530
3530
3530
3530
3530
3530
3530
3530
3530
3530
3530
3530
3530
3530
3540
3540
3540
3540
3540
3550
3550
3550
3550
3560
3560
3560
3570
3770
3770
3770
3770
3770
3770
3770
3770
3770
3770
3770
3770
3770
3770
3770
3770
3770
3770
3770
3770
3770
3770
3770
3770
3770
3770
3770
3770
3770
3770
3770
3770
3770
3770
3770
3770
3770
3770
3770
3770
3770
3770
3770
3770
3770
3770
4170
4170
4170
4170
4170
4170
4170
4170
4170
4170
4170
4170
4170
4170
4170
4170
4170
4170
4170
4970
4970
4970
4970
4970
4970
4970
4970
4970
4970
4970
4970
4970
4970
4970
4970
4970
4970
4970
4970
4970
4970
4970
6580
6580
6580
6580
6580
6580
6580
6580
6580
6580
6580
6580
6580
6580
6580
6580
6590
6590
6590
6590
6590
6590
6590
6600
6600
6600
6600
6610
6610
6620
6620
6620
6620
6630
6630
6630
6630
6640
6640
6640
6640
6640
6640
6650
6650
6650
6650
6660
6660
6660
6660
6670
6670
6670
6670
6670
6670
6680
6680
6680
6690
6690
6690
6690
6700
6700
6700
6700
6700
6800
6800
6800
6800
6800
6810
6810
6810
6820
6820
6820
6820
6830
6830
6830
6840
6840
6840
6840
6840
6840
6840
6840
6840
6840
6850
6850
6850
6850
6850
6850
6850
6860
6860
6860
6860
6860
6860
6860
6860
6860
6860
6860
6860
6860
6860
6860
6860
6860
6860
6860
6860
6860
6860
6860
6860
6860
6860
6860
6860
6860
6870
6870
6870
6880
6880
6880
6890
6890
6890
6890
6890
6890
6890
6890
6890
6890
6890
6890
6890
6890
6900
6900
6900
6900
6900
6900
6900
6900
6900
6900
6900
6900
6900
6900
6900
6900
6900
6900
6900
6900
6910
6910
6910
6910
6910
6920
6920
6920
6930
6930
6930
6930
6930
6930
6980
6980
6980
6980
6980
6980
6980
6980
6980
6980
6980
6980
6990
6990
6990
6990
6990
6990
6990
6990
6990
6990
6990
7000
7000
7000
7000
7210
7210
7210
7210
7210
7210
7210
7220
7620
7620
7620
7620
7620
7620
7620
7620
7620
7620
7620
7620
7620
7620
7620
7620
7620
8420
8420
8420
8420
8420
8420
8420
8420
8420
8420
8420
8420
8420
8420
8420
8420
8420
8420
8420
8430
8430
8430
8430
8440
8440
8440
8450
8450
8450
8450
8450
8450
8450
8450
8450
8450
8450
8450
8450
8450
8450
8450
8460
8460
8460
8460
8460
8460
8460
8460
8460
8460
8460
8460
8460
8460
8460
8460
8460
8460
8460
8460
8460
10061
10061
10061
10061
10061
10061
10061
10061
10061
10061
10061
10061
10061
10061
10061
10061
10061
10061
10061
10061
10061
10061
10061
10061
10061
10061
10061
10061
10061
10061
10061
10061
10061
10061
10061
10061
10061
10061
10061
10061
10061
10061
10061
10061
10061
10061
10061
10061
10061
10061
10061
10061
10061
10061
10061
10061
10061
10061
10061
10061
10061
10061
10061
10061
10061
10061
10061
10061
10061
10061
10071
10071
10071
10071
10081
10081
10081
10091
10091
10091
10101
10101
10101
10101
10101
10101
10101
10101
10101
10101
10101
10101
10101
10101
10101
10101
10101
10101
10101
10101
10101
10101
10101
10101
10101
10101
10101
10101
10101
10101
10101
10101
10101
10101
10101
10101
10101
10101
10101
10101
10101
10101
10101
10101
10101
10101
10101
10101
10101
10101
10101
10101
10101
10101
10101
10101
10101
10101
10101
10101
10101
10101
10101
10101
10101
10101
10101
10101
10101
10101
10101
10101
10101
10101
10101
10101
10101
10101
10101
10101
10101
10101
10101
10101
10101
10101
10101
10101
10101
10101
10101
10101
10101
10101
10101
10101
10101
10101
10101
10101
10101
10101
10101
10101
10101
10101
10101
10101
10101
10111
10111
10111
10111
10111
10111
10111
10111
10111
10111
10111
10111
10111
10111
10111
10121
10121
10121
10121
10121
10121
10121
10121
10121
10121
10121
10121
10121
10121
10131
10131
10131
10131
10131
10131
10131
10131
10141
10141
10141
10141
10151
10151
10151
10161
10161
10161
10161
10161
10161
10161
10161
10161
10161
10161
10161
10161
10161
10171
10171
10171
10171
10171
10171
10171
10171
10171
10171
10171
10171
10171
10171
10171
10171
10171
10171
10171
10171
10171
10171
10171
10181
10181
10181
10181
10181
10181
10181
10181
10181
10181
10181
10181
10181
10181
10181
10181
10181
10181
10191
10191
10191
10191
10191
10191
10191
10191
10191
10191
10191
10191
10191
10191
10191
10191
10191
10191
10201
10201
10201
10201
10201
10201
10201
10201
10201
10201
10201
10211
10211
10211
10211
10211
10211
10211
10211
10211
10221
10221
10221
10221
10221
10221
10231
10231
10231
10231
10231
10231
10231
10281
10281
10281
10281
10291
10291
10291
10291
10291
10291
10291
10291
10291
10291
10291
10291
10291
10291
10291
10291
10291
10291
10291
10291
10291
10291
10291
10291
10291
10291
10291
10291
10291
10291
10291
10291
10291
10291
10291
10291
10291
10291
10291
10291
10291
10291
10291
10291
10291
10291
10291
10291
10291
10291
10291
10291
10291
10291
10301
10301
10301
10301
10311
10311
10311
10321
10321
10321
10331
10331
10331
10331
10341
10341
10341
10351
10351
10351
10361
10361
10361
10361
10361
10361
10371
10371
10371
10371
10371
10371
10371
10371
10371
10371
10371
10371
10371
10371
10371
10371
10371
10371
10371
10371
10371
10371
10371
10371
10371
10371
10371
10371
10371
10371
10371
10371
10371
10371
10371
10371
10371
10371
10371
10371
10371
10371
10381
10381
10381
10381
10381
10381
10381
10381
10381
10381
10381
10381
10381
10381
10381
10381
10381
10381
10381
10381
10391
10391
10391
10391
10391
10391
10401
10401
10401
10411
10411
10411
10421
10421
10421
10431
10431
10431
10431
10441
10441
10441
10441
10441
10441
10441
10441
10441
10441
10441
10441
10441
10441
10441
10441
10441
10441
10441
10441
