0
0
0
0
0
0
0
0
0
0
0
0
0
0
0
0
0
0
0
0
0
0
0
0
0
0
0
0
0
0
0
0
0
0
0
0
0
0
0
0
0
0
0
0
0
0
0
0
0
0
0
0
0
0
0
0
0
0
0
0
0
0
0
0
0
0
0
10
10
10
20
20
20
30
30
30
30
40
40
40
50
50
50
60
60
60
60
70
70
70
80
80
80
80
80
80
80
80
80
80
80
80
90
90
90
100
100
100
110
110
110
110
120
120
120
170
170
170
170
170
180
180
180
180
180
180
180
180
190
190
190
190
190
190
190
190
190
190
200
200
200
200
200
200
200
200
200
200
200
200
200
210
210
210
210
210
210
210
210
210
210
210
210
210
210
210
220
220
220
220
220
220
220
220
220
220
220
220
230
230
230
240
240
240
250
250
250
250
250
250
250
250
250
250
250
250
250
250
250
250
250
250
250
250
250
250
250
260
260
260
260
260
270
270
270
270
280
280
280
280
290
290
290
300
300
300
300
300
300
300
300
310
310
310
320
320
320
320
320
320
320
320
320
320
320
320
320
320
320
330
330
330
340
340
340
340
340
340
340
340
340
340
340
340
340
340
340
340
340
340
340
340
340
340
350
350
350
350
350
350
350
350
350
350
350
350
350
350
350
350
360
360
360
370
370
370
370
370
370
370
370
370
370
370
370
370
370
370
370
370
370
370
370
370
370
370
370
370
370
370
370
370
370
370
370
370
370
370
370
370
370
370
370
370
370
370
370
370
370
370
370
370
370
370
370
370
370
370
370
370
370
370
370
370
370
380
380
380
380
390
390
390
390
390
400
400
400
400
400
400
400
400
400
400
400
400
400
400
400
400
400
400
400
400
400
400
400
400
400
400
400
400
410
410
410
420
420
420
420
430
430
430
430
440
440
440
450
450
450
460
460
460
460
460
460
460
460
460
460
460
460
470
470
470
480
480
480
490
490
490
490
490
490
490
490
490
490
490
490
500
500
500
510
510
510
510
520
520
520
520
520
520
520
520
520
520
520
520
520
520
520
520
520
520
520
520
520
520
520
520
520
520
520
520
520
520
520
530
530
530
530
530
530
530
530
530
530
530
530
530
530
530
530
530
530
530
530
530
530
530
530
530
530
530
530
530
530
530
530
530
530
530
530
530
530
530
530
530
530
530
530
530
530
530
530
530
530
530
530
530
530
530
530
530
530
530
530
530
530
530
530
530
530
530
530
530
530
530
530
530
530
530
530
530
530
530
530
530
540
540
540
540
550
550
550
550
550
550
550
550
550
550
550
550
560
560
560
560
560
560
560
560
560
560
560
570
570
570
570
570
570
570
570
570
570
570
580
580
580
580
580
580
580
580
580
580
580
580
580
580
590
590
590
590
590
590
590
590
590
600
600
600
610
610
610
620
620
620
620
630
630
630
630
640
640
640
640
640
640
640
640
640
640
640
640
640
640
640
640
640
640
640
640
640
640
640
640
640
640
640
640
640
640
